          21
   0.000   0.200   0.333   1.000   0.300   0.300   0.000   1 *
   0.200   0.400   0.666   1.000   0.300   0.300   0.000   1 *
   0.400   0.600   1.000   1.000   0.300   0.300   0.000   1 *
   0.600   0.800   1.000   1.000   0.300   0.300   0.000   2 *
   0.800   1.000   1.000   1.000   0.300   0.300   0.000   3 *
   1.000   1.200   1.000   1.000   0.300   0.300   0.000   4 *
   1.200   1.400   1.000   1.000   0.300   0.300   0.000   5 *
   1.400   1.600   1.000   1.000   0.500   0.500   0.000   1 *
   1.600   1.800   1.000   1.000   0.500   0.500   0.000   2 *
   1.800   2.000   1.000   1.000   0.500   0.500   0.000   3 *
   2.000   2.200   1.000   0.800   0.500   0.500   0.000   1 *
   2.200   2.400   1.000   0.800   0.500   0.500   0.000   2 *
   2.400   2.600   1.000   0.800   0.500   0.500   0.000   3 *
   2.600   2.800   1.000   0.600   0.500   0.500   0.100   1
   2.800   3.000   1.000   0.600   0.700   0.500   0.100   1
   3.000   3.200   1.000   0.600   0.900   0.500   0.100   1
   3.200   3.400   1.000   0.600   1.000   0.500   0.100   1
   3.400   3.600   1.000   0.500   0.500   0.500   0.200   1 *
   3.600   3.800   1.000   0.300   0.700   0.500   0.200   1 *
   3.800   4.000   1.000   0.100   0.900   0.500   0.200   1 *
   4.000  99.000   1.000   0.000   1.000   0.500   0.200   1 *

      v1      v2   Length    Bar   Arrow   Width    Tick    Mult

